T    M16    dM16     M32    dM32     M64    dM64     M128   dM128
1.00 9.992e-1 8.462e-6 9.992e-1 1.982e-6 9.992e-1 5.112e-7 9.992e-1 1.345e-7
1.10 9.983e-1 1.837e-5 9.984e-1 4.645e-6 9.984e-1 1.096e-6 9.983e-1 2.984e-7
1.20 9.969e-1 3.825e-5 9.968e-1 9.905e-6 9.968e-1 2.348e-6 9.968e-1 6.166e-7
1.30 9.942e-1 7.387e-5 9.944e-1 1.713e-5 9.944e-1 4.451e-6 9.944e-1 1.191e-6
1.40 9.906e-1 1.218e-4 9.907e-1 3.086e-5 9.909e-1 7.763e-6 9.906e-1 2.019e-6
1.50 9.852e-1 2.227e-4 9.856e-1 5.408e-5 9.855e-1 1.407e-5 9.853e-1 3.553e-6
1.60 9.778e-1 4.017e-4 9.784e-1 8.986e-5 9.782e-1 2.337e-5 9.779e-1 6.115e-6
1.70 9.676e-1 5.979e-4 9.679e-1 1.555e-4 9.676e-1 3.919e-5 9.677e-1 1.053e-5
1.80 9.533e-1 1.078e-3 9.530e-1 2.789e-4 9.533e-1 6.560e-5 9.533e-1 1.825e-5
1.82 9.496e-1 1.210e-3 9.493e-1 3.300e-4 9.496e-1 7.791e-5 9.496e-1 2.092e-5
1.84 9.461e-1 1.270e-3 9.461e-1 3.312e-4 9.463e-1 9.173e-5 9.458e-1 2.420e-5
1.86 9.430e-1 1.423e-3 9.425e-1 3.726e-4 9.418e-1 1.043e-4 9.416e-1 2.630e-5
1.88 9.381e-1 1.643e-3 9.385e-1 4.428e-4 9.373e-1 1.137e-4 9.374e-1 2.932e-5
1.90 9.340e-1 1.900e-3 9.335e-1 5.038e-4 9.324e-1 1.282e-4 9.328e-1 3.311e-5
1.92 9.287e-1 2.155e-3 9.290e-1 5.005e-4 9.283e-1 1.422e-4 9.280e-1 3.915e-5
1.94 9.244e-1 2.356e-3 9.243e-1 6.396e-4 9.232e-1 1.553e-4 9.220e-1 4.428e-5
1.96 9.158e-1 2.824e-3 9.179e-1 6.657e-4 9.169e-1 1.845e-4 9.165e-1 5.053e-5
1.98 9.113e-1 3.174e-3 9.093e-1 8.841e-4 9.108e-1 2.173e-4 9.107e-1 5.762e-5
2.00 9.052e-1 3.575e-3 9.035e-1 1.091e-3 9.055e-1 2.392e-4 9.036e-1 6.756e-5
2.02 9.001e-1 4.281e-3 8.966e-1 1.088e-3 8.970e-1 3.022e-4 8.957e-1 7.737e-5
2.04 8.817e-1 7.426e-3 8.892e-1 1.394e-3 8.883e-1 3.356e-4 8.877e-1 9.206e-5
2.06 8.814e-1 5.758e-3 8.805e-1 1.606e-3 8.778e-1 4.417e-4 8.791e-1 1.109e-4
2.08 8.654e-1 9.814e-3 8.694e-1 1.846e-3 8.675e-1 5.742e-4 8.679e-1 1.340e-4
2.10 8.551e-1 1.072e-2 8.549e-1 2.528e-3 8.556e-1 7.498e-4 8.558e-1 1.610e-4
2.12 8.510e-1 9.701e-3 8.438e-1 3.173e-3 8.424e-1 8.484e-4 8.431e-1 2.190e-4
2.14 8.398e-1 1.024e-2 8.319e-1 3.315e-3 8.285e-1 1.189e-3 8.246e-1 3.073e-4
2.16 8.147e-1 1.727e-2 7.882e-1 1.757e-2 8.060e-1 2.041e-3 8.076e-1 4.412e-4
2.18 7.773e-1 3.098e-2 7.922e-1 6.641e-3 7.857e-1 2.286e-3 7.805e-1 8.611e-4
2.20 7.689e-1 2.723e-2 7.472e-1 2.338e-2 7.599e-1 3.488e-3 7.569e-1 1.219e-3
2.22 7.446e-1 3.042e-2 7.295e-1 1.724e-2 7.065e-1 1.010e-2 6.952e-1 3.449e-3
2.24 7.335e-1 3.458e-2 6.858e-1 2.248e-2 6.350e-1 1.594e-2 6.291e-1 1.110e-2
2.26 7.221e-1 3.485e-2 6.303e-1 3.645e-2 5.411e-1 3.218e-2 5.509e-1 1.283e-2
2.28 6.681e-1 4.605e-2 5.868e-1 3.816e-2 4.266e-1 4.523e-2 3.246e-1 2.370e-2
2.30 6.535e-1 4.915e-2 5.517e-1 4.182e-2 3.829e-1 4.188e-2 2.023e-1 1.766e-2
2.32 6.005e-1 5.435e-2 4.859e-1 4.342e-2 2.653e-1 2.526e-2 1.653e-1 1.110e-2
2.34 5.658e-1 5.373e-2 4.348e-1 4.290e-2 2.675e-1 2.653e-2 1.268e-1 9.326e-3
2.36 5.749e-1 5.359e-2 3.753e-1 3.865e-2 2.110e-1 2.043e-2 9.824e-2 5.353e-3
2.38 5.330e-1 5.902e-2 3.387e-1 3.777e-2 1.499e-1 1.342e-2 8.829e-2 4.195e-3
2.40 5.088e-1 5.740e-2 2.817e-1 3.580e-2 1.490e-1 1.115e-2 7.759e-2 3.461e-3
2.42 4.431e-1 5.834e-2 2.766e-1 3.006e-2 1.235e-1 7.673e-3 6.713e-2 2.555e-3
2.44 4.556e-1 5.309e-2 2.387e-1 2.719e-2 1.189e-1 6.889e-3 5.848e-2 1.847e-3
2.46 4.313e-1 5.584e-2 2.054e-1 2.156e-2 1.220e-1 7.916e-3 5.116e-2 1.601e-3
2.48 4.117e-1 5.222e-2 2.125e-1 2.255e-2 9.996e-2 5.833e-3 5.395e-2 1.526e-3
2.50 3.821e-1 5.069e-2 2.014e-1 2.156e-2 1.002e-1 5.300e-3 4.601e-2 1.189e-3
2.52 3.795e-1 4.727e-2 1.722e-1 1.531e-2 9.145e-2 4.316e-3 4.425e-2 1.122e-3
2.54 3.404e-1 4.502e-2 1.748e-1 1.536e-2 8.079e-2 3.659e-3 4.254e-2 1.026e-3
2.56 3.481e-1 4.475e-2 1.826e-1 1.616e-2 7.683e-2 3.590e-3 4.217e-2 1.019e-3
2.58 3.071e-1 4.239e-2 1.467e-1 1.117e-2 7.914e-2 3.681e-3 3.836e-2 8.411e-4
2.60 3.096e-1 3.938e-2 1.473e-1 1.156e-2 7.938e-2 3.346e-3 3.780e-2 7.804e-4
2.62 3.008e-1 3.902e-2 1.537e-1 1.224e-2 6.944e-2 2.876e-3 3.642e-2 7.729e-4
2.64 2.783e-1 3.448e-2 1.309e-1 9.404e-3 6.730e-2 2.485e-3 3.323e-2 6.491e-4
2.66 2.582e-1 3.056e-2 1.357e-1 9.319e-3 6.802e-2 2.450e-3 3.237e-2 6.125e-4
2.68 2.472e-1 2.956e-2 1.242e-1 8.685e-3 6.697e-2 2.383e-3 3.170e-2 5.665e-4
2.70 2.480e-1 3.029e-2 1.214e-1 8.151e-3 6.037e-2 2.112e-3 3.126e-2 5.889e-4
2.72 2.397e-1 2.879e-2 1.226e-1 8.391e-3 6.136e-2 2.195e-3 2.991e-2 4.977e-4
2.74 2.356e-1 2.668e-2 1.134e-1 7.506e-3 5.804e-2 1.870e-3 2.854e-2 4.836e-4
2.76 2.285e-1 2.529e-2 1.096e-1 6.826e-3 5.606e-2 1.763e-3 2.807e-2 4.400e-4
2.78 2.256e-1 2.460e-2 1.098e-1 6.573e-3 5.571e-2 1.653e-3 2.849e-2 4.685e-4
2.80 2.151e-1 2.336e-2 1.060e-1 6.405e-3 5.468e-2 1.745e-3 2.713e-2 4.003e-4
2.90 1.973e-1 1.947e-2 9.452e-2 4.924e-3 4.896e-2 1.351e-3 2.395e-2 3.204e-4
3.00 1.746e-1 1.630e-2 8.702e-2 4.244e-3 4.272e-2 1.026e-3 2.233e-2 2.758e-4
3.10 1.616e-1 1.412e-2 8.014e-2 3.667e-3 3.958e-2 8.894e-4 1.967e-2 2.161e-4
3.20 1.513e-1 1.245e-2 7.407e-2 3.075e-3 3.789e-2 8.319e-4 1.862e-2 1.932e-4
3.30 1.393e-1 1.086e-2 6.927e-2 2.639e-3 3.547e-2 7.088e-4 1.700e-2 1.678e-4
3.40 1.347e-1 9.730e-3 6.530e-2 2.459e-3 3.273e-2 6.223e-4 1.674e-2 1.649e-4
3.50 1.252e-1 8.368e-3 6.315e-2 2.288e-3 3.108e-2 5.731e-4 1.577e-2 1.416e-4
3.60 1.192e-1 7.679e-3 6.138e-2 2.131e-3 2.994e-2 5.186e-4 1.498e-2 1.252e-4
