1 38015.329707094264
2 25928.28108253009
3 24031.65370793756
4 15332.835125790783
5 7553.259518539038
6 1069.7098782615117
7 0.4282483513229197
8 38.04084780623187
9 63.16523712865351
10 39.19526165575372
10 39.19526165575372
12 2.8805562983915656
14 10.80652192808284
17 73.21580736638276
21 44.38339373823132
25 53.45393627728136
30 15.041143714379785
36 3.574508908459832
43 5.986826190127466
52 6.270197623799177
62 14.911524997251892
74 14.081227452892321
89 15.71022296600128
107 20.295958227039865
128 921.9870735899487
154 305.97160642889463
185 434.8132238804412
222 0.4396875096771381
266 865.8330132911972
319 248.38533916762557
383 32.083538926369975
460 766.6292912661226
552 195.37197862323387
662 283.0471624281055
795 5.446678432463785
954 1.0964892676452402
1145 11.500618942787298
1374 1.7754064761023425
1648 0.9632568554060206
1978 2.3270634438266122
2374 0.4327194961707585
2849 214.35278787595377
3418 1.62303858000313
4102 55.187368763093104
4922 948.5132166847267
5907 1.5503721953938052
7088 6.920989198349992
8506 5.2939956818326115
10207 0.1304056830234897
12248 1859.2680167448314
14698 0.5413726936980197
17637 0.14675327484660838
18740 0.06973518610961138
