T    C16      dC16     C32      dC32     C64      dC64     C128     dC128
1.00 3.250e-2 5.205e-3 3.223e-2 1.287e-3 3.277e-2 3.144e-4 3.265e-2 8.474e-5
1.10 5.378e-2 1.014e-2 5.587e-2 2.683e-3 5.499e-2 6.487e-4 5.570e-2 1.696e-4
1.20 9.162e-2 1.899e-2 8.559e-2 4.672e-3 8.662e-2 1.185e-3 8.674e-2 3.151e-4
1.30 1.257e-1 3.109e-2 1.275e-1 7.747e-3 1.218e-1 1.969e-3 1.285e-1 5.111e-4
1.40 1.770e-1 4.944e-2 1.698e-1 1.219e-2 1.805e-1 3.217e-3 1.752e-1 8.211e-4
1.50 2.289e-1 7.751e-2 2.289e-1 1.858e-2 2.308e-1 4.892e-3 2.351e-1 1.264e-3
1.60 3.184e-1 1.121e-1 3.134e-1 2.819e-2 3.144e-1 6.974e-3 3.055e-1 1.892e-3
1.70 3.920e-1 1.627e-1 4.071e-1 4.073e-2 3.995e-1 1.003e-2 4.042e-1 2.774e-3
1.80 5.323e-1 9.726e-1 4.780e-1 2.439e-1 4.775e-1 6.146e-2 4.687e-1 1.673e-2
1.82 4.525e-1 1.012    4.529e-1 2.571e-1 4.359e-1 6.755e-2 4.910e-1 1.833e-2
1.84 4.002e-1 1.093    4.482e-1 2.673e-1 5.751e-1 7.392e-2 5.281e-1 1.950e-2
1.86 5.753e-1 1.164    5.340e-1 2.907e-1 5.381e-1 7.865e-2 5.163e-1 2.037e-2
1.88 4.869e-1 1.214    5.937e-1 3.215e-1 5.867e-1 8.226e-2 5.589e-1 2.193e-2
1.90 6.008e-1 1.315    5.752e-1 3.373e-1 4.811e-1 8.603e-2 5.710e-1 2.370e-2
1.92 5.445e-1 1.404    5.276e-1 3.643e-1 6.395e-1 9.108e-2 6.579e-1 2.563e-2
1.94 9.527e-1 1.526    7.092e-1 3.856e-1 6.822e-1 9.888e-2 6.356e-1 2.736e-2
1.96 5.564e-1 1.636    9.087e-1 4.140e-1 6.731e-1 1.059e-1 6.843e-1 2.899e-2
1.98 6.616e-1 1.721    6.248e-1 4.548e-1 6.077e-1 1.118e-1 7.460e-1 3.009e-2
2.00 5.697e-1 1.87     7.678e-1 4.749e-1 8.525e-1 1.248e-1 8.010e-1 3.204e-2
2.02 1.389    2.132    6.271e-1 5.026e-1 8.524e-1 1.342e-1 7.627e-1 3.496e-2
2.04 3.913e-1 2.276    9.196e-1 5.606e-1 8.730e-1 1.407e-1 8.442e-1 3.786e-2
2.06 1.102    2.334    9.419e-1 6.039e-1 9.288e-1 1.557e-1 9.386e-1 4.043e-2
2.08 1.083    2.531    1.142    6.364e-1 9.638e-1 1.699e-1 9.859e-1 4.371e-2
2.10 4.759e-1 2.683    8.687e-1 6.989e-1 1.064    1.831e-1 1.010    4.918e-2
2.12 1.081    2.828    1.03     7.285e-1 9.720e-1 2.058e-1 1.222    5.143e-2
2.14 1.531    3.109    1.736    8.984e-1 1.309    2.283e-1 1.112    5.486e-2
2.16 1.475    3.685    6.864e-1 9.760e-1 1.257    2.423e-1 1.361    6.451e-2
2.18 1.32     3.923    1.449    9.706e-1 1.365    2.567e-1 1.313    7.127e-2
2.20 1.532    3.99     1.437    1.083    1.84     2.959e-1 1.857    8.051e-2
2.22 5.189e-1 4.305    1.868    1.199    2.038    3.466e-1 1.796    9.082e-2
2.24 1.107    4.362    1.719    1.334    1.811    4.022e-1 1.872    9.845e-2
2.26 2.494    4.518    1.732    1.373    2.088    4.090e-1 2.591    9.686e-2
2.28 7.220e-1 4.822    1.389    1.379    1.598    3.793e-1 1.977    1.069e-1
2.30 2.482    4.796    2.074    1.345    2.079    3.277e-1 1.517    9.780e-2
2.32 1.821    4.625    1.68     1.242    1.027    2.842e-1 1.176    6.665e-2
2.34 9.656e-2 4.667    1.759    1.166    1.505    2.796e-1 1.384    6.549e-2
2.36 1.726    4.765    1.159    1.078    1.476    2.456e-1 9.886e-1 6.216e-2
2.38 1.200    4.595    1.484    1.036    1.049    2.249e-1 1.164    5.685e-2
2.40 2.557    4.396    9.066e-1 9.652e-1 9.652e-1 2.111e-1 1.105    5.331e-2
2.42 3.744e-1 4.221    1.293    8.498e-1 1.066    2.042e-1 9.182e-1 5.271e-2
2.44 9.344e-1 4.036    1.07     8.114e-1 8.563e-1 2.054e-1 9.972e-1 5.057e-2
2.46 9.784e-1 3.892    7.035e-1 8.203e-1 8.521e-1 2.019e-1 8.900e-1 4.776e-2
2.48 1.512    3.745    8.718e-1 8.294e-1 7.866e-1 1.907e-1 8.065e-1 4.656e-2
2.50 3.320e-1 3.597    7.123e-1 7.716e-1 8.200e-1 1.793e-1 8.201e-1 4.689e-2
2.52 1.366    3.424    7.870e-1 7.202e-1 9.122e-1 1.824e-1 8.178e-1 4.792e-2
2.54 6.130e-1 3.435    9.346e-1 7.237e-1 7.868e-1 1.827e-1 7.271e-1 4.588e-2
2.56 1.018    3.37     8.066e-1 6.966e-1 5.481e-1 1.732e-1 7.056e-1 4.445e-2
2.58 5.566e-1 3.177    5.811e-1 6.650e-1 7.057e-1 1.666e-1 6.103e-1 4.437e-2
2.60 8.177e-1 3.027    4.314e-1 6.735e-1 8.381e-1 1.705e-1 9.006e-1 4.519e-2
2.62 1.237    2.835    8.235e-1 6.676e-1 9.444e-1 1.673e-1 7.640e-1 4.555e-2
2.64 7.547e-1 2.63     5.910e-1 6.331e-1 2.608e-1 1.606e-1 3.848e-1 4.215e-2
2.66 6.175e-1 2.573    7.121e-1 6.247e-1 5.713e-1 1.587e-1 6.397e-1 3.979e-2
2.68 5.363e-1 2.655    7.685e-1 6.137e-1 6.887e-1 1.518e-1 5.814e-1 4.031e-2
2.70 4.787e-1 2.654    3.385e-1 6.071e-1 4.559e-1 1.496e-1 5.665e-1 3.997e-2
2.72 9.031e-1 2.555    7.537e-1 6.030e-1 6.282e-1 1.473e-1 5.405e-1 3.800e-2
2.74 4.986e-1 2.492    5.145e-1 5.869e-1 5.612e-1 1.457e-1 6.442e-1 3.685e-2
2.76 1.255e-1 2.453    4.116e-1 5.920e-1 5.058e-1 1.464e-1 4.741e-1 3.648e-2
2.78 8.266e-1 2.381    5.649e-1 5.873e-1 5.214e-1 1.431e-1 5.151e-1 3.584e-2
2.80 4.216e-1 4.531e-1 4.631e-1 1.106e-1 4.777e-1 2.792e-2 4.713e-1 6.758e-3
2.90 4.864e-1 4.285e-1 4.304e-1 1.023e-1 4.293e-1 2.708e-2 4.168e-1 6.444e-3
3.00 3.899e-1 4.043e-1 3.488e-1 9.844e-2 3.713e-1 2.543e-2 3.828e-1 6.311e-3
3.10 3.099e-1 3.816e-1 3.746e-1 9.634e-2 3.419e-1 2.437e-2 3.449e-1 6.037e-3
3.20 3.107e-1 3.624e-1 3.145e-1 9.229e-2 3.168e-1 2.349e-2 3.022e-1 5.833e-3
3.30 2.905e-1 3.500e-1 2.672e-1 8.935e-2 2.686e-1 2.272e-2 2.784e-1 5.692e-3
3.40 2.192e-1 3.421e-1 2.565e-1 8.623e-2 2.364e-1 2.202e-2 2.464e-1 5.700e-3
3.50 3.046e-1 3.364e-1 2.108e-1 8.597e-2 2.772e-1 2.158e-2 2.811e-1 6.299e-3
